resources/Output/krigings/RasterCase/krigings_19940101_0100.asc
NCOLS 25
NROWS 22
XLLCORNER 1675000.0
YLLCORNER 5077780.0
CELLSIZE 20.0
NODATA_VALUE -9999
0.803181849574764 0.8022898712934668 0.8014465796476266 0.8006619761245675 0.7999475915769905 0.7993163054987334 0.7987818436776285 0.7983578556727318 0.798056567996409 0.7978871916551703 0.7978544709371554 0.7979578482975017 0.7981915624851218 0.7985456411181322 0.7990074183867433 0.7995631033095272 0.8001990490664124 0.8009025867737951 0.8016624541552012 0.802468926282954 0.8033137630010747 0.8041900628507226 0.8050920824596017 0.8060150550997561 0.0
0.8038667508853065 0.8029227598806855 0.8020241686129874 0.8011817785815468 0.8004085522082309 0.7997196132163621 0.7991318335981864 0.7986627729253164 0.7983288319047255 0.7981427931027771 0.7981113880858801 0.798233828089398 0.798501979094961 0.7989020961238772 0.7994173329295903 0.8000301145303909 0.8007238270246493 0.8014837318880961 0.8022972774316429 0.8031540421443611 0.8040454997013872 0.8049647259796767 0.8059061119148356 0.8068651099397858 0.0
0.8046104055546535 0.8036123608270395 0.8026549872329514 0.8017495718671008 0.8009103035872406 0.8001546267836351 0.7995031455283411 0.7989786077543917 0.7986034903477977 0.7983961568739252 0.7983665847024357 0.7985136023408993 0.7988252251549058 0.7992818844758041 0.79986075074884 0.8005393312816362 0.80129757956796 0.8021186845299959 0.8029890434365718 0.8038978603522604 0.8048366408570226 0.8057987135464079 0.8067788257896237 0.8077728208558249 0.0
0.8054230191436673 0.804370093917015 0.8033515333976315 0.8023785597796399 0.8014660465887505 0.8006334541044682 0.7999054622282311 0.7993115105570205 0.7988830306891044 0.7986474996106363 0.7986205496270707 0.7988003293040077 0.7991682087080566 0.7996952767851343 0.8003500980323891 0.8011040261731897 0.8019334089958092 0.8028197419601694 0.8037489277629265 0.8047103339905306 0.8056959433177253 0.8066996774824522 0.8077168889462063 0.8087439882279718 0.0
0.8063159003143626 0.8052091047426291 0.8041288599903038 0.8030855168118258 0.8020936209557026 0.8011736328796184 0.800353880561964 0.7996717770340449 0.7991718649019137 0.7988972220145293 0.7988741782083825 0.7990995563090596 0.7995423394876338 0.8001580525849308 0.8009031182736613 0.8017419052727053 0.8026477742828246 0.8036015738322226 0.8045896911850169 0.805602417267122 0.8066327515280498 0.8076755738312539 0.8087270809787305 0.8097844037929274 0.0
0.8073010764904143 0.8061439429216765 0.8050044637451631 0.8038911484520841 0.8028167177037266 0.8018005719881037 0.8008725517096575 0.8000776680476419 0.7994785565060955 0.7991461480882305 0.7991292940269928 0.7994218821934865 0.7999674492960913 0.8006949440024881 0.8015450486861916 0.8024761161820158 0.8034607299538383 0.8044810521475073 0.8055253364750076 0.8065856791858609 0.8076566303503817 0.8087343393911025 0.8098160224401012 0.8108996236952956 0.0
0.8083906068580997 0.8071897890272957 0.8059975478988076 0.8048197019603048 0.8036654906836133 0.8025502390913697 0.8015004876987671 0.8005635552328264 0.7998218366429708 0.7993962669888464 0.7993902402601045 0.7997898575697145 0.8004797103513008 0.8013447839100387 0.8023107929178188 0.803335586049105 0.8043954282352042 0.8054764897928217 0.806570346770162 0.8076716393018977 0.8087768197178643 0.8098834566444761 0.8109898322099904 0.812094699829951 0.0
0.8095955818061272 0.8083611331227044 0.8071273600733326 0.8058971211435507 0.8046751987422981 0.8034701548385648 0.8022986696507237 0.8011966994985225 0.8002495749387745 0.7996538503683308 0.7996703243846937 0.8002580927075137 0.8011464912488739 0.802166014977436 0.8032452079152456 0.8043534681385728 0.8054762805361879 0.8066060427122085 0.8077384324067223 0.808870823957649 0.8100015341259632 0.8111294348402862 0.8122537414063613 0.8133738903767748 0.0
0.810924909931787 0.8096699858984803 0.8084105464926348 0.8071472069511844 0.8058810404420955 0.8046140810765212 0.8033506655207144 0.8021018110648835 0.8009045996162019 0.7999529479217536 0.800034547114736 0.8009723271423872 0.8020840014348782 0.8032351684186455 0.8043975764646529 0.8055622182614246 0.806725381440687 0.8078852620168957 0.8090408768493493 0.8101916425314138 0.8113371890764424 0.812477268825401 0.8136117083081861 0.8147403811677232 0.0
0.8123841313769923 0.8111239850109645 0.8098580241588307 0.8085862737700451 0.8073087889111933 0.8060256886725072 0.8047372497024811 0.8034442321039155 0.802149581095701 0.8008831279477187 0.8010646018693858 0.8022428961784963 0.8034343660224313 0.8046231080901628 0.8058069427270502 0.8069852330923359 0.8081577197085851 0.8093242727193695 0.8104848166921077 0.8116393023564517 0.8127876943200699 0.813929965129138 0.815066092151196 0.8161960558284587 0.0
0.8139745816956797 0.8127249908438702 0.8114724915481978 0.8102184418211523 0.8089651714756102 0.8077170069063424 0.8064828898928614 0.8052842650117427 0.8041842305674369 0.8034067212408234 0.803450595320304 0.8042223391039286 0.8052469512010717 0.8063507886162775 0.8074839181695395 0.8086285683986035 0.8097770577370984 0.8109255643788934 0.8120719808161602 0.813215050636744 0.8143539775566234 0.8154882312940102 0.8166174438752124 0.8177413508579272 0.0
0.815693178868113 0.8144687204833476 0.8132477588095671 0.8120343116315706 0.8108349712491312 0.8096612048838021 0.8085343592262807 0.8074970535293036 0.8066377452116289 0.8061212496887747 0.8061234862474502 0.8066189073768921 0.8074181977523346 0.8083723261417728 0.8094047405027025 0.8104784833414883 0.8115747834642989 0.8126834009212762 0.8137983634432349 0.8149159820808374 0.8160338655189407 0.8171503992736987 0.8182644550311549 0.819375220519317 0.0
0.8175329081477183 0.8163455761302203 0.8151702516434669 0.8140139064610644 0.8128873529982112 0.8118079360486049 0.8108042731879868 0.8099238984471194 0.809241754557587 0.8088553763350868 0.8088399614041243 0.8091857497661206 0.8098073881682961 0.8106098257120335 0.8115239826134838 0.8125068214981152 0.8135324656590777 0.8145851481641866 0.8156549650709349 0.8167354772344004 0.8178223560560977 0.8189126012602123 0.820004075354382 0.8210952177996393 0.0
0.8194838377510678 0.8183423219329223 0.8172219143535353 0.8161319795020862 0.8150861719494074 0.8141046375680642 0.813217026449799 0.8124655739843286 0.8119051180023971 0.8115934371657119 0.8115681693311895 0.8118246881455096 0.8123191064518406 0.8129927386172473 0.8137928907115188 0.8146799923808081 0.8156265358989523 0.8166138643396991 0.8176293038987003 0.8186641259905375 0.8197122054239692 0.8207691563210798 0.8218317750907765 0.8228976771485237 0.0
0.8215343525055542 0.8204439979446075 0.8193832497708283 0.8183629196816493 0.817397840705749 0.8165082576627372 0.8157211758499261 0.815070722568939 0.814595615692633 0.8143316313267099 0.8142999314171705 0.8144979873434935 0.81490074257976 0.8154709460901475 0.8161703492595234 0.8169661478728149 0.8178327441387965 0.81875106680089 0.8197071653569119 0.8206908609243404 0.8216946812499482 0.8227130830426873 0.8237419020963909 0.8247779685187464 0.0
0.8236723029725205 0.8226355485693276 0.8216355940577731 0.8206837718332552 0.8197947757083905 0.8189873347668388 0.818284491915373 0.8177128280705145 0.8172997717281939 0.8170685879344226 0.8170322421695996 0.8171892080493525 0.8175239849106776 0.8180119593872733 0.8186255165331413 0.8193386151802748 0.8201290331585178 0.8209788648871496 0.8218741215748434 0.8228040288725932 0.823760320817602 0.8247366413084931 0.8257280737534461 0.8267307847001181 0.0
0.8258858853365695 0.8249029213848018 0.8239623811613417 0.823075410765914 0.8222557529926385 0.8215199347492939 0.8208870064730723 0.8203774709033882 0.8200110941025844 0.8198036928320177 0.8197637435540583 0.8198902553178787 0.8201730260013663 0.8205951393773057 0.821136425721773 0.8217765105531502 0.8224967685459318 0.8232812024459617 0.8241165871357004 0.8249922282824748 0.8258995758117353 0.8268318231716494 0.8277835500072406 0.8287504257321345 0.0
0.8281642016006137 0.8272336426052923 0.8263495903948044 0.8255225546518966 0.8247649377136322 0.8240909456623327 0.8235161204330962 0.8230563234023855 0.8227261026075627 0.8225366300254038 0.8224937334410235 0.8225967327720315 0.8228385778758426 0.8232072262639287 0.8236876856608701 0.8242640221486227 0.824920874278462 0.8256443489916891 0.8264223992106555 0.8272448579521519 0.8281032863788332 0.8289907448355899 0.829901550437886 0.8308310527496771 0.0
0.830497540519756 0.8296170011599253 0.8287856944559253 0.8280132573333541 0.8273106416990349 0.826689894686643 0.826163655326614 0.8257443024891374 0.825442773851727 0.8252672205354497 0.825221812689348 0.8253060626802545 0.8255149042625 0.8258394987828223 0.8262684897932954 0.8267893366255945 0.8273894375255697 0.8280569098282696 0.8287810298042524 0.8295524065371467 0.8303629805365913 0.8312059240874802 0.8320754975500175 0.8329668950016198 0.0
0.832877456436985 0.8320439930223542 0.8312613706131654 0.8305382668183054 0.8298842311474263 0.8293094210002083 0.8288241385646203 0.8284381534971426 0.828159854943576 0.827995355655925 0.8279477378978348 0.8280166394003231 0.8281983013528356 0.828486063840013 0.8288711650446156 0.829343641120106 0.8298931472091701 0.830509593092953 0.8311835639073593 0.8319065491624571 0.8326710267706116 0.833470450976117 0.8342991845857185 0.8351524044829132 0.0
0.835296722657974 0.8345071456877357 0.8337691393358659 0.8330904282789704 0.8324792835881206 0.8319442602997761 0.8314938002195255 0.8311357060324371 0.8308765303413731 0.8307209658557299 0.8306713524695805 0.8307274130290361 0.8308862837449567 0.83114283145391 0.8314901795832548 0.8319203268596906 0.83242474682791 0.8329948901169447 0.8336225541742738 0.8343001203576081 0.8350206791356111 0.835778071853492 0.8365668765908681 0.837382360596991 0.0
0.837749218983795 0.8370003004373509 0.836303014478372 0.8356641905625696 0.8350909724599115 0.8345905786105079 0.8341699733041503 0.833835462006446 0.8335922473298534 0.8334440049403812 0.8333925513846518 0.8334376693146824 0.8335771274936755 0.8338068912036848 0.8341214785595379 0.8345143941579678 0.8349785693129818 0.835506753675909 0.836091826608879 0.8367270190469872 0.8374060525023276 0.8381232102726808 0.8388733583200807 0.8396519319788303 0.0
