resources/Output/krigings/RasterCase/krigings_19940101_0000.asc
NCOLS 25
NROWS 22
XLLCORNER 1675000.0
YLLCORNER 5077780.0
CELLSIZE 20.0
NODATA_VALUE -9999
0.6079022848524674 0.6085022734866422 0.6087748613384156 0.6089380934423266 0.6089288535474647 0.6083400887717193 0.6074148730980212 0.6072328265497963 0.6070901146144989 0.6066792049991583 0.6061398872957905 0.6055654212191255 0.6046607509787815 0.6033508402307155 0.601890084255218 0.601534781871906 0.6009135982962525 0.6000538142365814 0.5990074273567454 0.5978353997347753 0.5964266606574815 0.5950131541947111 0.5936100218440232 0.5930975640354487 0.0
0.6069909472458113 0.6076009335646586 0.6079169387525587 0.6081128120731375 0.6080098728017018 0.6073306485444596 0.6064696143130269 0.6065568119800759 0.6063531620828551 0.6059153795603978 0.6053961041958598 0.6048145959671267 0.6037363077799239 0.6023179051377225 0.6007973342311711 0.6007419512142858 0.6000544482332791 0.5990881709577284 0.5980164362207486 0.5967342135324128 0.5952557068451302 0.5938266050865412 0.5923688900922622 0.5920169037728599 0.0
0.6060931838577202 0.6066700985093503 0.6070300347074241 0.6072578799456965 0.6070118698408778 0.6062585566356434 0.6058830712648021 0.6058903186686942 0.6055865497144995 0.6051626510693875 0.604661798219638 0.603981231533878 0.6027608991240506 0.6012239255721488 0.6004549795854071 0.5999097189211715 0.5991511587575311 0.598096474949365 0.5969816434123618 0.5955717227782299 0.5940586335243513 0.5925818289020692 0.5911149511248758 0.5908993383468957 0.0
0.6051616302845755 0.6057219683318521 0.6061354934098322 0.6063917931362043 0.6059522012769799 0.605109289935653 0.6051236160857362 0.6051660088369359 0.604814300950298 0.6044092955877838 0.6039352763782516 0.603112375780007 0.6017166423870228 0.600054932066657 0.5996485993882238 0.5990554104635369 0.5981808125988799 0.597071293351358 0.5958679768101098 0.5943563002944695 0.5928099351583925 0.5912869509069947 0.5907696791672667 0.5897467813079075 0.0
0.6041694595066752 0.6047492529553333 0.6051938441537854 0.6053698043500224 0.6047983643329092 0.6039636851197439 0.6043407243298302 0.6043461592934918 0.6040165887375729 0.6036679763599627 0.6032122299675277 0.6021825903494598 0.6005807584171611 0.5988229992216254 0.598827224799969 0.5981427179381875 0.5971469375399914 0.5959993960664048 0.5946781680795875 0.5930854232434796 0.5915044785323653 0.5899381793219373 0.5896162884168255 0.5885528760915841 0.0
0.603151869047199 0.6037425946175164 0.6042058244207441 0.6041895627741041 0.603544446768307 0.6032757226010532 0.6035422335176074 0.603421551246713 0.6032177610661466 0.6029394149436123 0.6024427820284323 0.6011486232416381 0.5993273351114621 0.5983752216555176 0.5979405403547432 0.5971777950851284 0.5960572444219557 0.5948745848543425 0.5934078420423532 0.5917572638553283 0.5901377128066071 0.588568498968055 0.5884048102123619 0.5872998836012003 0.0
0.6020604966925467 0.602690400051851 0.6031221682982225 0.6029046968012278 0.6021518482901845 0.6020806616627219 0.6024585124948938 0.6024730699290333 0.602389022700081 0.6022093874595967 0.6015743061368071 0.5999443293077757 0.597963668401518 0.5975154251531202 0.5969868405713615 0.5961279780903836 0.5949040878139613 0.5936670495022255 0.5920581815626428 0.5903552279092827 0.5887060751620303 0.5881854794398578 0.5871531701666071 0.585992713148831 0.0
0.6009480070920732 0.6015790147828739 0.6019363380456457 0.6015012770961787 0.6006027780518117 0.6009420239414619 0.6013631255803114 0.6014553514135009 0.6015230374202475 0.6014889520316382 0.6005625672918468 0.5985603403947841 0.5964515979881458 0.5965532614555175 0.5959387571001354 0.5949123308384809 0.5936678379819539 0.5923146030712761 0.5906140497015607 0.5888926833551908 0.5872263667123945 0.5869122190054914 0.5858355959110914 0.5846200144069083 0.0
0.5997837384487084 0.6003805072568429 0.6005240853935296 0.5999722110924097 0.5993350196323153 0.5997528697527543 0.6001166121611352 0.6003219277829888 0.6005306529858206 0.6007458789747616 0.59918028833336 0.5969111208665252 0.5957316135418979 0.595478163428566 0.594750161688462 0.5935966440839083 0.5923361147031354 0.5908480355065338 0.5890869135719607 0.5873535117734764 0.5856809728134624 0.5855742758493712 0.5844524264441415 0.5831978380465274 0.0
0.5985570340662328 0.5990634385454822 0.598992215904024 0.5982970034344347 0.5978629329636542 0.5983921890872265 0.5987644178335855 0.5989878560652602 0.5992901796084611 0.5995015257817448 0.5974022827828371 0.5951263362866229 0.5945777157129667 0.5942253030474431 0.5933977886726752 0.5921681813647004 0.590900629500023 0.5892666943061061 0.5874649622007647 0.585738275557396 0.5851864850957365 0.5841763569131897 0.5830049246974158 0.5817193948690257 0.0
0.5972428180189334 0.5976430218242366 0.5973215874487131 0.5963319335969818 0.5963721160908219 0.5969287479914902 0.5972202442150559 0.5974462177877679 0.5976603003670662 0.5972674117106598 0.5953116118650222 0.5931499167575465 0.5932543768741944 0.5928116566518329 0.591856111759077 0.590622643361875 0.5893090330068201 0.5875809088335519 0.5857893161566619 0.5840498678151028 0.5837492355087706 0.5827077597714149 0.5814887428568829 0.5801728851840583 0.0
0.5958384714659817 0.5960457600076827 0.5955101811576994 0.5945380940118625 0.594836134465812 0.5953160526357505 0.5955462992718217 0.5956998352852587 0.5957719949751809 0.5949728847674772 0.5931360327249999 0.5918407093344699 0.5917442443899724 0.5911938354066227 0.5901656095335196 0.5889711252574564 0.587571504746777 0.5858060620012043 0.5840150543755812 0.5823141745689923 0.5822482681082871 0.5811644858746272 0.5799145344819371 0.5785576393978373 0.0
0.5943338123275834 0.5942946035876765 0.5936219139923987 0.5927730813103124 0.5932304796623413 0.5936162407477249 0.5937670655311217 0.5938285884953621 0.5937268218193043 0.5926663044807312 0.5909045443162283 0.5902918356046701 0.5900616529675102 0.5894112980943075 0.5883534106130703 0.5872193821353815 0.5857135827992629 0.5839422149617861 0.5821882500792847 0.5816128955653611 0.5806813745776657 0.5795562449943216 0.5782847315481392 0.5768776362375985 0.0
0.592708870489015 0.5924402203332906 0.5910995108055066 0.5910444336282186 0.5915379373165582 0.5918043233789859 0.5918917740921272 0.5918653428731514 0.5915368260587192 0.5903330002144946 0.5886453920350749 0.5885682450760348 0.5882426703301695 0.5874898860065864 0.5864641396195935 0.5853637593825253 0.5837694130634976 0.5820214895073696 0.5802993437457007 0.580000741518713 0.5790350281504538 0.5778638251940502 0.5766020942665996 0.5751391491679506 0.0
0.5909735989214683 0.5904858500200443 0.5891777017458926 0.5893035945188334 0.589770530108531 0.5899231483914961 0.5899487095931825 0.5898570305374544 0.5892968943821937 0.5879999504917618 0.5868220428048698 0.5867336500067346 0.5862968281172795 0.5854961907372112 0.5845185403931525 0.5833562929838338 0.5817495858271461 0.5800405029420768 0.5783781054425567 0.5783176801062248 0.5773242791363189 0.5761220086825259 0.574838891865308 0.5733373236248156 0.0
0.5891695288963125 0.5884522443713189 0.5872368229680861 0.5875515876913076 0.5879220441208126 0.58800558074486 0.5879714982150247 0.587819223975577 0.5870106268931823 0.5856913637956422 0.5850226159778846 0.5848169649155671 0.584295371906968 0.5834624400867091 0.5825375831436146 0.5812855689144589 0.579686934241405 0.5780105638540723 0.5774124569492947 0.5765792952357061 0.575555593679838 0.5743387348003267 0.5730109150923124 0.571501183305075 0.0
0.5871970812458515 0.585589167730716 0.5853523806387356 0.5857673523735637 0.5860257477493451 0.5860455105983429 0.5859695065936628 0.5857110967163274 0.5847284521627398 0.5833836282932763 0.5831451699915154 0.5828413827353606 0.5822247832558367 0.581401229812556 0.580514851503363 0.5791690906187694 0.5775809729045499 0.5759606999674224 0.5756344185293388 0.5747741348785116 0.5737024116053014 0.5725147071263303 0.5711292696697232 0.5696303572171284 0.0
0.5851727337124986 0.5835661489181944 0.5835003600854494 0.583935291578735 0.5840911112546305 0.5840665303845075 0.5839295089826232 0.583468431487041 0.582423374900496 0.5813421261801845 0.5812078692733921 0.5807988323174774 0.580136721314238 0.5793357757911336 0.5784034793115824 0.5770128676658972 0.5754586930917318 0.5738990001519622 0.5738022964475868 0.5729259481913024 0.5718168634773083 0.5706403295952945 0.5691992741951735 0.5677310579150642 0.0
0.583077581264835 0.5815393981225873 0.5816566965881512 0.5820452515396826 0.5821258409017137 0.582072555670893 0.581888433629324 0.5812314263936101 0.5801318645185833 0.579453463564725 0.5792107987110362 0.578722863855448 0.578018626354908 0.5772603309942147 0.5762409059629113 0.5748405470200727 0.5733114736301836 0.5726583000879564 0.5719237552926152 0.5710333974303697 0.5698994189766728 0.5686870061252575 0.5672352332750071 0.5658087341017511 0.0
0.5799446131305355 0.5795341298449133 0.5798390028802972 0.5801236540699937 0.5801497578384857 0.5800556696897814 0.5798152145214022 0.5789686135805715 0.5778387335665885 0.5775000741410831 0.5771837679079295 0.5766135767342915 0.5759113157567153 0.5751769196584491 0.5740501888927149 0.5726331368605108 0.5711447905962024 0.5707522943721024 0.5700136914386036 0.5690609727204816 0.5679584672416186 0.5666888104509713 0.5652447455311236 0.5638454724403218 0.0
0.5778398803280709 0.5775934095567706 0.5779862839284644 0.578175724219614 0.5781520606683171 0.5780210153301114 0.577613957669646 0.5767088115464247 0.5757063121800977 0.5755123401312491 0.5751011424274448 0.5744983522509756 0.5737975277056983 0.5730523185852063 0.5718382779723693 0.5704236020717897 0.5689980459760626 0.5688229684441465 0.5680680340916159 0.567065844102732 0.5659895148953603 0.5646589096133057 0.5632239168412789 0.5618551098265732 0.0
0.5757593923000255 0.5756927381973668 0.5760862300114689 0.5762058391343703 0.5761599728859784 0.5759810592572462 0.5753968276776232 0.57444284092138 0.5737782460290349 0.5734975257951941 0.5729988537689628 0.5723613217199215 0.5716860941855701 0.5708484863693325 0.5696102723952794 0.5682173207110477 0.5675006726680203 0.5668625031227233 0.5660979301500134 0.5650610629821762 0.5639594376457023 0.5625969223911755 0.5611982921408739 0.5598407173426652 0.0
