resources/Output/krigings/RasterCase/krigings_19940101_0100.asc
NCOLS 25
NROWS 22
XLLCORNER 1675000.0
YLLCORNER 5077780.0
CELLSIZE 20.0
NODATA_VALUE -9999
0.8068022637654961 0.8045407671491929 0.8028687566176747 0.801387868465889 0.8002161347721966 0.8001435302466514 0.8006764466349179 0.7998284219877956 0.7988988552708818 0.798459536660311 0.7982526365149267 0.7980977626980106 0.7985745890896905 0.7997984462669041 0.8012799973178407 0.8007196045243756 0.8006309607761549 0.8009713551288753 0.8016695263026821 0.8026197392622886 0.8040169130668483 0.8054045843679686 0.8067652313971923 0.8064548699979139 0.0
0.80735474075561 0.8050699638261285 0.8033135344039335 0.8017672299062606 0.8007736672676243 0.8008630224908557 0.8012684251577618 0.7999205346798159 0.7990998109383168 0.7987070793065817 0.7984570407977027 0.7983071179608626 0.7991097653339609 0.8005204784320702 0.802101467283111 0.8009832381064032 0.8010068964424861 0.8015439610986846 0.8022800779331023 0.8034394735328043 0.8049538646776497 0.8063608076899428 0.8078145131415789 0.8071971210022879 0.0
0.8078799945151741 0.8056505421226735 0.80380868231764 0.8021980610393702 0.8014760362727845 0.8016929949966732 0.8011987143519027 0.7999925098534909 0.7993545775739581 0.7989320630389282 0.7986416327433088 0.798679613635049 0.7997342983717031 0.8013500417427278 0.8015449987127198 0.8013164524512452 0.8014610819363748 0.8021603704545743 0.8029716169497815 0.8043680860076869 0.8059336627087608 0.8074204012548589 0.8088834217479168 0.8080034555698101 0.0
0.8084641238256105 0.8062597553643688 0.8043138371372016 0.8026435524235336 0.8022872492429688 0.802659521788767 0.8014443428651713 0.8001693930907721 0.7996179513053637 0.799156646870738 0.7988093744616802 0.7991152285165641 0.8004802891303713 0.8023122152831544 0.8018361251172504 0.8016861023209046 0.8020386794689334 0.8028338936969603 0.8038150101549999 0.8053882465646188 0.8070041357901017 0.8085679162252364 0.8082564530367249 0.8088691820510203 0.0
0.809156013321705 0.8069105824247276 0.804901737132162 0.8033817279909331 0.8032666737473053 0.8036141806214813 0.8017302563673144 0.8005215098754157 0.79992664773011 0.7993569388538996 0.798967904762709 0.7996594866107107 0.8013886251404038 0.8033846034736496 0.802151130822468 0.8021595264396556 0.8027324389046869 0.8035895802915439 0.8047954187521621 0.80650467204704 0.8081745057641966 0.8098101673260645 0.8091279526033849 0.80980554688571 0.0
0.8098910969225925 0.8076196966187364 0.8055699273677176 0.8044131947948716 0.8044238004878069 0.803726620531566 0.8020413430665989 0.8010645790805629 0.8002347531807482 0.7995315862190685 0.7992158194560818 0.800389860147273 0.8025058160025107 0.8030227170299301 0.8025822529066933 0.8027234021163191 0.8035247553040512 0.8044371901033855 0.8059179829375194 0.8077208140406976 0.8094529497075227 0.8110866211520222 0.8101026905011233 0.8108483754454153 0.0
0.8107576799539239 0.8084077668769701 0.8064102543180742 0.8056305491779652 0.8058288275025299 0.8047648520380606 0.8028743134702087 0.8016468844263156 0.8005950585090752 0.799707281245739 0.7996514556681953 0.801424884332676 0.8038179554611529 0.8034090433357716 0.8031316178082384 0.8034374669262037 0.8044280372803961 0.8054384804473783 0.8071794825327245 0.8090675237889614 0.8108458720526414 0.8105301284717276 0.811144905091432 0.811987744792756 0.0
0.8116587956108436 0.8092991450398312 0.8074347244753186 0.8070588007686258 0.8075135184166664 0.8056948624392845 0.8037226171361488 0.8023509205401124 0.8010195606587673 0.7998629204923288 0.800343574210974 0.8027792428399452 0.8053944663943158 0.8039779668483434 0.8038483456497768 0.8044601626646709 0.8054788095586137 0.8067154630327319 0.8086083250685996 0.8105199521489669 0.8123224060946742 0.8116167624905469 0.8123044560546683 0.8132499660662877 0.0
0.8126500923936428 0.8103449236760826 0.8088798775991106 0.8087106917278992 0.8086789129904695 0.8067121882220702 0.8048417936476603 0.803260045566139 0.8016693841608721 0.8000575580127876 0.8017010047157729 0.804608456904455 0.8055259668483236 0.8047475740238269 0.804816428067563 0.8056595500333075 0.8066992981857076 0.8081920943238147 0.8101829487988386 0.8121079960668097 0.8139149787118222 0.8128173194430167 0.8135809117958192 0.8145992620567727 0.0
0.8137505286602755 0.8116039081910417 0.8105392982840488 0.8106239616564247 0.810213098923945 0.8080378257276966 0.8061470876630691 0.8045277954095613 0.8027616691955848 0.8011606533165897 0.8037653615233695 0.8066770961856848 0.8064414015793443 0.8058352990219709 0.8060777653999038 0.8070584751120747 0.8081043872017282 0.8098711371133461 0.8119256695360361 0.8138306585735722 0.8135620843026703 0.8141221139335697 0.814972164938126 0.816050741686562 0.0
0.8150059887775065 0.8130478818616206 0.8124483202041133 0.8130615359781305 0.8117769908550457 0.8095454772539934 0.8077965860346416 0.8061654246801973 0.8045511850199469 0.8040497361695635 0.806389839310986 0.8090885611094645 0.8076589603499226 0.8072085512090245 0.8076808514255347 0.8086646269640781 0.8098030395058453 0.8117342632071805 0.8137609115981375 0.8156827607699263 0.8149432169823295 0.8155514918680589 0.8164890399799472 0.8176298846150576 0.0
0.8164211859155155 0.8148188255049862 0.8146102683079921 0.8151802870202449 0.8134188315983341 0.8113205921423821 0.8096764878719178 0.8081690139793406 0.8068016218293694 0.8070440116640664 0.8091636609686611 0.8102827263045367 0.8092097922901998 0.8089474382049605 0.8095507124743964 0.8104566982894708 0.8117655101025096 0.81375405843376 0.8157721467161109 0.8176171505635652 0.816435415719598 0.8171140103024174 0.8181097620910646 0.8193347146204137 0.0
0.8180155960127833 0.8168731030885803 0.8169071976794817 0.8172426721469664 0.8151834070927476 0.8132496361219723 0.8117428228760505 0.8103940165262704 0.8093359567744146 0.8100580160893401 0.812035887938914 0.8119066082052298 0.8110681873707757 0.810981308332605 0.8116387360755161 0.81242559096838 0.8139418238915872 0.8159315766930931 0.8178749472242377 0.8176397941491559 0.8180424698339612 0.8187910014428781 0.8198300353649142 0.8211550407314593 0.0
0.8198289474482086 0.8191133618901248 0.820361410842847 0.8192353559356498 0.8171024954097995 0.8153795513885247 0.8139801379398879 0.8127826448373725 0.8121418195452381 0.8131191611668482 0.8149558528468194 0.8138430279718102 0.8131694383423416 0.8132664556755624 0.8138622693932157 0.8145862761050368 0.8162695801746922 0.8182082523015031 0.82008738415388 0.8193341049329103 0.8197910948042008 0.8206271628117685 0.8216449567925284 0.8230781932797657 0.0
0.8218450910511534 0.8215334950577129 0.8227097692406009 0.8212470568965554 0.819154537042211 0.8176324304213608 0.8163376931059394 0.8152494110298008 0.8150381809690733 0.8161778668702527 0.8170783636859285 0.815976785478998 0.8154988384985785 0.8156810760484189 0.816184047700379 0.8170384212085374 0.8187310562094586 0.8205912083455676 0.8223553104357686 0.8211535035780568 0.8216531095663762 0.8225503594495462 0.8236159164101271 0.825114100153521 0.0
0.8239859991649348 0.8240949137559012 0.8250902666548083 0.8232758476653056 0.821351707059608 0.819948203845053 0.8187539513408736 0.8177662834491876 0.8180183032335494 0.8191897597578887 0.819152640478274 0.8182560097209091 0.8179263607950399 0.8181661161748489 0.8185650058052397 0.8195977747543337 0.8212663168658862 0.8230601671467448 0.8228567331861927 0.8230687981342477 0.8236169224336103 0.8245448900691679 0.8257038821802185 0.8272070807910633 0.0
0.8264424133108726 0.8281751296865782 0.8273653580223214 0.825360251982728 0.8236333636155331 0.8223389198565562 0.8212120339859008 0.8204159020919892 0.8209880402992662 0.8221982911961434 0.8213650063406216 0.8206390967229682 0.8204800549959346 0.8206989875137369 0.8210207113722766 0.8222359235753383 0.8238773922272585 0.8255622480212528 0.8248493135707813 0.8251029675392 0.8257434165251577 0.8266109385222379 0.8278859797009714 0.8293592192764766 0.0
0.8289901123844315 0.830706896270847 0.8295789329063509 0.8275290915206718 0.8259825279570215 0.824761096748971 0.8237381519226548 0.8233239296376632 0.8239981306567379 0.8247167364645505 0.82368288071698 0.8231429374772405 0.8230636530771613 0.8232353717972481 0.8236507856929508 0.82494341653883 0.8265149274597459 0.8280830712599537 0.8269368538681138 0.8272108623425779 0.8279250123407864 0.8287717184494537 0.8301526790653534 0.8315595081338392 0.0
0.8316651378431045 0.8332433488602652 0.8317748393870377 0.8298015495252057 0.8283853868629305 0.8272076381428468 0.8262622150767928 0.8262160536499122 0.8269809845042597 0.826951082144518 0.8261072443274955 0.8257063640087083 0.8257022922756465 0.8257867973209164 0.8263750528804487 0.8276767499235251 0.8291954422753597 0.8290835224173373 0.8291056129360502 0.8293961344678037 0.830162310414574 0.8310871042358775 0.8324771404207942 0.8337982918650422 0.0
0.8362466499838648 0.8357387063228289 0.8339205564607113 0.8321293431725557 0.8308052862980333 0.8296938986034798 0.8288451720775846 0.8291538956242437 0.8299649826461513 0.8293006449270897 0.8285836110479151 0.8283305706209255 0.8283176190663218 0.828349539117506 0.8291478997787319 0.8304722515546433 0.83190912619029 0.8313076572536958 0.831327580184202 0.8317372573203575 0.8324387873002765 0.8334807763260981 0.8348459060166428 0.836109845647674 0.0
0.8389276654418999 0.8381145391555029 0.8361277335220875 0.834503112074016 0.8332626746030107 0.8322106650248764 0.8316765378711083 0.8320833981923014 0.8326506025834518 0.8317100071041514 0.8311616277135842 0.830964044193414 0.8309431607830972 0.8309932248795942 0.8319568723146011 0.8332686614732959 0.8345836729235708 0.8335705735873117 0.8336112390665865 0.8341176549832856 0.8347654711543355 0.8359278350438243 0.8372672180471347 0.8384682771806593 0.0
0.84156254895904 0.8404154680872383 0.8384193471504134 0.8369150175711264 0.8357063842822885 0.834734280302842 0.8345346944765853 0.8350222602641695 0.8349556556492819 0.834166148609107 0.833774694506876 0.8336378588960217 0.8335617217501177 0.8337945391531144 0.8347928377075098 0.83605649893653 0.8360524062059569 0.8358873553738351 0.8359351687066212 0.8365109932457843 0.8372137043441198 0.8384303939611679 0.8396931510316744 0.8408680897840723 0.0
3 0.0
